param N := 11;
param K := 3;

#All parameters pulled from excel spreadsheets

param: avgDisC disS numDisS :=
1 1.2852E-07 4.6709E-6 226
2 5.2598E-8 6.3672E-6 219
3 1.1447E-7 4.0132E-6 219
4 1.1868E-7 4.6461E-6 232
5 1.2810E-7 6.1081E-6 230 
6 6.52293E-08 4.1059E-06 197
7 3.96687E-08 7.40798E-06 209
8 1.4143E-08 3.66676E-06 169
9 6.29126E-08 4.07824E-06 198
10 2.14668E-08 2.40147E-06 129
11 9.28353E-08 9.0258E-06 213;

param innerDis: 1 2 3 4 5 6 7 8 9 10 11 :=
1 0 8.38391E-08 7.83163E-07 8.98376E-06 7.67529E-08 1.37545E-08 2.42142E-08 4.0668E-09 1.39433E-08 1.67089E-09 1.62554E-07
2 8.38391E-08 0 1.79911E-07 9.18722E-08 4.13457E-08 8.83414E-09 1.02527E-08 2.7362E-09 9.11994E-09 1.29285E-09 2.917E-08
3 7.83163E-07 1.79911E-07 0 8.70121E-07 6.37104E-08 1.1558E-08 1.76669E-08 3.56013E-09 1.17962E-08 1.52686E-09 8.15912E-08
4 8.98376E-06 9.18722E-08 8.70121E-07 0 9.07506E-08 1.43081E-08 2.28441E-08 3.96488E-09 1.45545E-08 1.65897E-09 1.33112E-07
5 7.67529E-08 4.13457E-08 6.37104E-08 9.07506E-08 0 3.04406E-08 1.70859E-08 3.63768E-09 3.24152E-08 1.75282E-09 3.91868E-08
6 1.37545E-08 8.83414E-09 1.1558E-08 1.43081E-08 3.04406E-08 0 1.49998E-08 4.63979E-09 6.47392E-06 2.6296E-09 1.39916E-08
7 2.42142E-08 1.02527E-08 1.76669E-08 2.28441E-08 1.70859E-08 1.49998E-08 0 1.16401E-08 1.41756E-08 2.92557E-09 5.97507E-08
8 4.0668E-09 2.7362E-09 3.56013E-09 3.96488E-09 3.63768E-09 4.63979E-09 1.16401E-08 0 4.41387E-09 7.65004E-09 5.67739E-09
9 1.39433E-08 9.11994E-09 1.17962E-08 1.45545E-08 3.24152E-08 6.47392E-06 1.41756E-08 4.41387E-09 0 2.5306E-09 1.38052E-08
10 1.67089E-09 1.29285E-09 1.52686E-09 1.65897E-09 1.75282E-09 2.6296E-09 2.92557E-09 7.65004E-09 2.5306E-09 0 1.98329E-09
11 1.62554E-07 2.917E-08 8.15912E-08 1.33112E-07 3.91868E-08 1.39916E-08 5.97507E-08 5.67739E-09 1.38052E-08 1.98329E-09 0;
